K2000-5000, O300 T1W12
Sensitivity
96.8137	96.8137	96.8137	
67.6781	66.6407	60.2911	
99.7707	99.7707	99.7707	
64.9483	64.0613	55.5098	
67.0002	64.9459	55.5637	
34.2206	19.1818	3.17368	
70.9214	70.3343	64.4223	
28.8136	13.7973	4.85398	
Specificity
93.9754	93.9754	93.9754	
75.9923	76.1148	76.8453	
98.3663	98.3663	98.3663	
70.9162	71.3994	72.2243	
71.4011	73.1881	74.0479	
56.9718	49.326	10.3723	
74.9983	75.2121	76.19	
66.394	56.0387	15.2744	

K2000, O300-500 T1W12
96.8137	96.8471	
67.6781	67.4775	
99.7707	99.9019	
64.9483	63.1475	
67.0002	67.0759	
34.2206	24.1849	
70.9214	70.9785	
28.8136	21.9245	
Specificity
93.9754	98.4618	
75.9923	91.2996	
98.3663	99.7966	
70.9162	87.966	
71.4011	89.1868	
56.9718	83.4546	
74.9983	89.1927	
66.394	86.5622	

K2000.O300, K5000.O500 T1W12
Sensitivity
96.8137	96.8313	
67.6781	56.354	
99.7707	99.9019	
64.9483	46.4338	
67.0002	50.5488	
34.2206	1.05896	
70.9214	61.3175	
28.8136	1.14141	
Specificity
93.9754	98.463	
75.9923	91.6502	
98.3663	99.7966	
70.9162	88.3837	
71.4011	90.6328	
56.9718	16.7242	
74.9983	89.2551	
66.394	19.2867	

K2000-5000, O300 T2W20
Sensitivity
96.8137	96.8137	96.8137	
65.2503	63.6017	56.6395	
99.7707	99.7707	99.7707	
60.8845	59.3812	49.3632	
62.9809	62.2421	46.0485	
19.2146	6.55398	3.17368	
67.3565	65.1245	56.5849	
19.355	8.00029	0	
Specificity
93.9754	93.9754	93.9754	
75.9364	76.2804	76.2286	
98.3663	98.3663	98.3663	
72.0728	72.0198	70.8965	
73.1692	73.509	74.6027	
62.1037	32.3186	10.3723	
76.3921	76.7219	78.1566	
61.2631	27.6227	0	

K2000, O300-500 T2W20
Sensitivity
96.8137	96.8471	
65.2503	61.493	
99.7707	99.9019	
60.8845	57.704	
62.9809	56.0128	
19.2146	11.5068	
67.3565	65.0079	
19.355	10.2671	
Specificity
93.9754	98.4618	
75.9364	90.9561	
98.3663	99.7966	
72.0728	88.3205	
73.1692	89.4164	
62.1037	85.8409	
76.3921	90.0529	
61.2631	78.1563	

K2000.O300, K5000.O500 T2W20
Sensitivity
96.8137	96.8313	
65.2503	51.5559	
99.7707	99.9019	
60.8845	36.9776	
62.9809	34.4343	
19.2146	1.05896	
67.3565	52.2061	
19.355	0	
Specificity
93.9754	98.463	
75.9364	92.2838	
98.3663	99.7966	
72.0728	88.9711	
73.1692	90.6623	
62.1037	16.7242	
76.3921	91.2854	
61.2631	0	
