K2000-5000, O300 T1W12
Sensitivity
95.2283	95.2283	95.2283	
59.3585	58.1803	56.0239	
99.4227	99.4227	99.4227	
57.1493	55.9891	50.9829	
59.5789	58.865	52.1134	
29.0201	20.3561	5.60234	
61.6508	61.3705	58.0968	
26.8397	21.2522	4.58579	
Specificity
92.4275	92.4275	92.4275	
65.6262	65.5156	67.6723	
98.0315	98.0315	98.0315	
60.1669	60.8181	63.3517	
61.4376	62.8815	63.9831	
44.5484	45.3806	13.3906	
64.8307	65.096	66.5087	
52.1597	45.6445	21.3789	

K2000, O300-500 T1W12
95.2283	95.4144	
59.3585	60.175	
99.4227	99.545	
57.1493	56.5398	
59.5789	59.9849	
29.0201	25.7994	
61.6508	62.1155	
26.8397	23.711	
Specificity
92.4275	97.0021	
65.6262	80.0018	
98.0315	99.4408	
60.1669	76.8521	
61.4376	77.4731	
44.5484	67.4156	
64.8307	77.6948	
52.1597	69.8542	

K2000.O300, K5000.O500 T1W12
Sensitivity
95.2283	95.3986	
59.3585	54.3717	
99.4227	99.545	
57.1493	44.3451	
59.5789	47.8594	
29.0201	2.22247	
61.6508	55.8408	
26.8397	1.41135	
Specificity
92.4275	97.0031	
65.6262	80.3742	
98.0315	99.4408	
60.1669	78.404	
61.4376	78.5441	
44.5484	21.3542	
64.8307	78.5303	
52.1597	33.743	

K2000-5000, O300 T2W20
Sensitivity
95.2283	95.2283	95.2283	
59.116	58.1803	56.0239	
99.4227	99.4227	99.4227	
56.7956	55.8308	50.9829	
59.1979	58.3921	51.6467	
27.62	15.6146	5.60234	
61.261	61.1287	56.3959	
23.6505	17.5032	4.58579	
Specificity
92.4275	92.4275	92.4275	
65.5637	65.5785	67.6723	
98.0315	98.0315	98.0315	
60.776	61.3962	63.494	
61.8428	63.5208	64.1507	
45.266	38.4994	13.3906	
64.8486	65.1193	66.0807	
51.2971	42.6321	21.3789	

K2000, O300-500 T2W20
Sensitivity
95.2283	95.4144	
59.116	59.6722	
99.4227	99.545	
56.7956	56.0896	
59.1979	59.7649	
27.62	23.2832	
61.261	61.8879	
23.6505	19.074	
Specificity
92.4275	97.0021	
65.5637	79.8854	
98.0315	99.4408	
60.776	77.2109	
61.8428	77.6597	
45.266	67.7253	
64.8486	77.7426	
51.2971	68.5163	

K2000.O300, K5000.O500 T2W20
Sensitivity
95.2283	95.3986	
59.116	54.3717	
99.4227	99.545	
56.7956	44.3451	
59.1979	47.3861	
27.62	2.22247	
61.261	54.3049	
23.6505	1.41135	
Specificity
92.4275	97.0031	
65.5637	80.3742	
98.0315	99.4408	
60.776	78.5938	
61.8428	78.8318	
45.266	21.3542	
64.8486	78.1665	
51.2971	33.743	
