K2000-5000, O300 T1W12
Sensitivity
95.2283	95.2283	95.2283	
59.1287	58.2046	53.0272	
99.4227	99.4227	99.4227	
56.1105	55.3133	48.2357	
57.7335	55.9402	48.1618	
26.6236	15.0828	2.59389	
61.3445	60.9539	55.8052	
22.2859	10.8046	3.76266	
Specificity
92.4275	92.4275	92.4275	
66.5687	66.6158	67.8434	
98.0315	98.0315	98.0315	
61.3098	61.6846	62.8847	
61.6151	63.0626	64.2754	
44.3263	38.7861	8.45176	
64.9004	65.2209	66.1107	
52.1435	44.0887	12.2585	

K2000, O300-500 T1W12
95.2283	95.4144	
59.1287	59.4543	
99.4227	99.545	
56.1105	55.2215	
57.7335	58.1571	
26.6236	19.5514	
61.3445	61.9057	
22.2859	17.5316	
Specificity
92.4275	97.0021	
66.5687	80.6106	
98.0315	99.4408	
61.3098	77.0286	
61.6151	77.2124	
44.3263	67.6117	
64.9004	77.7989	
52.1435	70.385	

K2000.O300, K5000.O500 T1W12
Sensitivity
95.2283	95.3986	
59.1287	49.847	
99.4227	99.545	
56.1105	41.129	
57.7335	44.0909	
26.6236	0.887999	
61.3445	53.7195	
22.2859	0.967058	
Specificity
92.4275	97.0031	
66.5687	81.352	
98.0315	99.4408	
61.3098	78.48	
61.6151	78.8224	
44.3263	14.3507	
64.9004	78.3153	
52.1435	16.5973	

K2000-5000, O300 T2W20
Sensitivity
95.2283	95.2283	95.2283	
56.9933	55.5564	49.6813	
99.4227	99.4227	99.4227	
52.6151	51.2274	42.6769	
54.4653	53.777	39.9159	
14.9843	5.26331	2.59389	
58.4849	56.6004	49.196	
14.8816	6.20417	0	
Specificity
92.4275	92.4275	92.4275	
66.5529	66.7956	67.1258	
98.0315	98.0315	98.0315	
62.2822	62.139	61.3529	
63.3138	63.5668	64.9108	
48.9587	25.9805	8.45176	
66.3476	66.682	68.1455	
48.1209	21.9213	0	

K2000, O300-500 T2W20
Sensitivity
95.2283	95.4144	
56.9933	54.3966	
99.4227	99.545	
52.6151	50.8066	
54.4653	48.6217	
14.9843	9.29466	
58.4849	57.173	
14.8816	8.09101	
Specificity
92.4275	97.0021	
66.5529	80.5098	
98.0315	99.4408	
62.2822	78.0152	
63.3138	77.37	
48.9587	69.8815	
66.3476	79.176	
48.1209	62.1845	

K2000.O300, K5000.O500 T2W20
Sensitivity
95.2283	95.3986	
56.9933	45.7568	
99.4227	99.545	
52.6151	32.6093	
54.4653	30.1017	
14.9843	0.887999	
58.4849	46.1177	
14.8816	0	
Specificity
92.4275	97.0031	
66.5529	82.2616	
98.0315	99.4408	
62.2822	78.555	
63.3138	79.267	
48.9587	14.3507	
66.3476	80.5044	
48.1209	0	
