K2000-5000, O300 T1W12
Sensitivity
96.8137	96.8137	96.8137	
68.1124	66.7892	64.1089	
99.7707	99.7707	99.7707	
66.1253	64.8573	58.6765	
68.8939	68.0879	60.1559	
37.3081	25.967	6.94521	
71.4571	71.0039	67.0731	
34.7247	27.3569	5.87711	
Specificity
93.9754	93.9754	93.9754	
75.1125	75.0453	77.2847	
98.3663	98.3663	98.3663	
69.6175	70.4468	72.895	
70.8948	72.6109	73.7072	
57.2986	58.139	16.5638	
75.0559	75.2257	76.6483	
66.4319	58.5149	26.9476	

K2000, O300-500 T1W12
96.8137	96.8471	
68.1124	68.49	
99.7707	99.9019	
66.1253	64.535	
68.8939	69.0257	
37.3081	32.0046	
71.4571	71.4009	
34.7247	29.5415	
Specificity
93.9754	98.4618	
75.1125	90.9554	
98.3663	99.7966	
69.6175	87.6832	
70.8948	89.2521	
57.2986	83.3779	
75.0559	89.253	
66.4319	85.814	

K2000.O300, K5000.O500 T1W12
Sensitivity
96.8137	96.8313	
68.1124	61.8019	
99.7707	99.9019	
66.1253	50.1029	
68.8939	55.011	
37.3081	2.68698	
71.4571	63.7574	
34.7247	1.6364	
Specificity
93.9754	98.463	
75.1125	91.2607	
98.3663	99.7966	
69.6175	88.5771	
70.8948	90.4641	
57.2986	25.2683	
75.0559	89.5293	
66.4319	38.7049	

K2000-5000, O300 T2W20
Sensitivity
96.8137	96.8137	96.8137	
67.8573	66.7892	64.1089	
99.7707	99.7707	99.7707	
65.7413	64.6846	58.6765	
68.4897	67.5799	59.595	
35.4229	19.8099	6.94521	
70.882	70.4955	65.2009	
30.5738	22.6216	5.87711	
Specificity
93.9754	93.9754	93.9754	
75.072	75.1228	77.2847	
98.3663	98.3663	98.3663	
70.331	71.1038	73.0559	
71.4148	73.4168	73.8312	
58.1081	48.832	16.5638	
74.9458	75.0569	76.2867	
65.1627	54.8139	26.9476	

K2000, O300-500 T2W20
Sensitivity
96.8137	96.8471	
67.8573	67.9587	
99.7707	99.9019	
65.7413	63.9428	
68.4897	68.7902	
35.4229	28.8911	
70.882	71.1003	
30.5738	23.9998	
Specificity
93.9754	98.4618	
75.072	90.8828	
98.3663	99.7966	
70.331	88.0006	
71.4148	89.4989	
58.1081	84.01	
74.9458	89.2469	
65.1627	84.9476	

K2000.O300, K5000.O500 T2W20
Sensitivity
96.8137	96.8313	
67.8573	61.8019	
99.7707	99.9019	
65.7413	50.1029	
68.4897	54.4218	
35.4229	2.68698	
70.882	62.085	
30.5738	1.6364	
Specificity
93.9754	98.463	
75.072	91.2607	
98.3663	99.7966	
70.331	88.7846	
71.4148	90.7044	
58.1081	25.2683	
74.9458	89.2661	
65.1627	38.7049	
